Result 1:

Command: python ImageBuilder.py D:\PycharmProjects\ImageBuilder\Test.jpg 100 D:\PycharmProjects\ImageBuilder\Stock
Threshold: 10
Time: 37.17684531211853(without saving)
Process picture(1=old Image, 0 = new Image):
0001111111111111111001111111110111111111111100111111111111101111111111111111110011011001000000010010
0000000000000001011001111111100111111111111110011111111011111111111110011111011111111111111111111110
0111111111100111111111111001111011111111111001111111110011111111111111100111110111100010000000000000
0000001000000000001100111110011111111110011111111111001110111111111111100111111111111001111111110011
0111111111111111111001111111111011111111110011111001111110011111111111110111111110010000000000000000
1000000000001000011001111111001111111111111111100111100111111001111110111111111111111111001111111111
0001111111111111111001111111110011111111011111111110011111111111100111111110111111001000000000000000
0101000000000000001100111110111111111111111111111111111111001111111111001111100111111111001111111111
0001111111111111110011111110111111111111001111110011111011111111111111111111111110010000000000000000
1001110000000000001100111111001111111111111111001111011111111111110011111001111111110111111111111111
0001111111111111110111111111111110011111100111111100111111100111111111111111011111000000100101000000
0100000001000000000111111001111111111111111110011111100111011111111111110011111100111111111111111001
0111111111111111111100111111100111111111100111100111111001111111111111111111011111000010000000000000
0000100100000110000011111100111111111111111110111111111100111111100111111011111111111111111110011111
0111111111111111111111100111111100111111100111110011100111111111100111111111111101100000000000010000
0001100110000001110111111111001111111111111101111111100111101111111111111001111111001111111111111011
0111111111111111111110011110111111111110011111100111101111111111001111111111111110110011000000010000
0100000010010001011100111111111111111111111011111111110011111001111110011111111001111111111111111110
0111111111111111111110011111100111101111111100111111100111111100111111111111111111011100100000010010
1000011100000010111001111111111111111111111111001111110011110011111100111111110011111111111001111111
0111111111111111111111100111111011111111100111110011110011111111100111111111111101100110000000010001
0000000101100011001001111111111111111111100111111100111101111111100111111110011111111111111001111111
0111111111111111111111100111111110011111001111001111100111100111111111001111111111011001110001000000
1000000101100011001100111111111110011110011101111111110011110011111100111111100111111100111111111111
0111111111111111111111111001111011111111100111110111111110011111100111111111111111011100110000010000
0000000101100011001100111111111111100111111100111110011110011110011111101111111111111111111111111111
0001111111111111111111111001111101111111110011111001111001111101111111111111110011101110010000010000
0100000000000111001100111111111110011111111001111100111001111100111111100111111111110011111111111111
0111111111111111111111111111110011110011111001111011111111100111111101111111111111111001110000001000
0010000100000110011001111111111111111100111111001111001111100111111001111110111111111111111111111111
0111001111111111111111111111011111111111110011111001111101111111111111111001111111011001110000010000
1000000100000111001110011111111111101111111111110011110111111111001111111110111111111111111111111111
0111111111111111111111111111111111001111111001110111111110011111100111111111111111110011010010010000
1000000100000111001111111111111111111111111110011111110011111110011111111111101011111111111110111111
0111111111111111111111111111111111001111110111111111001111110111111111111111001111101111000000000010
0010010000000111100111111111111111111111100111110011111001111111110011111111111111001111111111111111
0111111111111111111111111111111111001111111111100111110011111001111100111111111111110011010000000000
1000000000000111001100111111111111001111110011111011111111111110011111111111111110011111111111111101
0111111111111111111111111111111111001111100111111100111111100111110011111111110011101110010000000010
0010001100000110111111111111111111111101111111100111100111111110111111111111111100111111111110111111
0001111111111111111110011111111111101111111111111100111111111001111100111111111111110111000000010000
0000000100000000001111111111111111111111111111001110111111111111111001111111111110111111111111111111
0001111111111111001111111110011111111111001111111100111111111001111100111111111111110001000010000001
0000000010000000000111111110100111111101110000011111110011111111111111111100111111111001111111111001
0001111111111111100111111111100111111111110000011110000100000011111111110100001110001000100100100100
0100010000000000000000011000000011111111000000000000011100000111111111111111011111111111111111111111
0001111111111001111111100111000011100011110000001100000000000011111100100010001100000000000000000000
0000010010000000000100011000000000000000010000000000011010000001000000100001001111111110011111111111
0001111111111001110011110110000000000000000000000000000000000100000000000000001100010000000000000000
0110011000000000000000011000000000000100000000010000000100000000000000000000000111110111111111111111
0001010100011001111100110000000000000000000000001100000000000011001010000000000110000000001000000000
1001010000010111100000000000000000010001000000000000000000000010000000000000000111111100110100100110
0000100001001110011101000000000000100000110000100010000001000000000000000001000001101000111100000001
0011111100001000100100010000000000000000001001000001000000110010010000000000000111000100101101101010
0001110110100001011001010000001000000011000001000101100000000001000010000000000001101100001010010100
0000100000001001111101000000001000010000000000000110000000000000110000100001100100110000000001100011
0111000011101001001000111001111111010010000001100000100000110000000100000000010000110101000010000110
1000100000000100011011000000000000000000000010000011111100000000111011110001000000000000000001010001
0000011000000101000000011101100000000100000100111011000010111000000000010000000001110100010000000110
0011010000000010001100000000000000010000000110000001111010100000011111110111111100000011101100111111
0001111111111111000000000111001111100100001000100111000001010000100000000000000001111110000000001111
0011111000100000011000000000000000001000010011000011110110010010000111001001110000001111111111111111
0001111111001100111000000111000001010000001000001111100001100000000000000100000000011000000000011110
1111001000000000000100000001000000000010000011000001111100000011010011000001110000001011110010011110
0001111001110111100100000011000001000000100000001111100001100000000011000100010000000100000000110011
0010111110000000101100100000010010000000000011000011111100000011010011000000100000111111111011111111
0001111111111110011111001000000001100001100100011111000001110000000001100000000000111000100100111001
0011111100000000111000000000000010100000000111010001110100000110000011000100010001111110011111101111
0001111110011111111111000000000001100001101000011111100111100000000001000100010000111110000000011111
0011111100000011111100000000000010000000001011000111111000001100000000000000000001111111111110111111
0001111110011111111111001000000001000001110000001111110001111000010011110000000100111100000000011111
0101111100000100011110000000000111100000000110000111110000000000000000000100001001111111111111111111
0001011001100111111110000001010000010000000000000111110100011010000011110000000000111100000000111111
1111111110000000001110000010000111100010001110000111110000000000100000001000010001110110001111100011
0111100011111111101001001100000001100010000000111001110000010000000011110000000000111100000000111111
1111111110100001001110000000000111100000001110000111111110000000110001000000000001101111111111110011
0111100001111111101100000000000001000000000000111111110000011000000011100000100000111100000000111110
0010110011100001001110000010000011100100000100000011111100000000000001000000001000101111111001011111
0001100001111111001111010000000000000000000000011001100000011000001111110000100000111101000010011110
0111001010100000100110001000100111111010000000100111111100000000000000000000000001101111100011000010
0001001110100011101111000000000000001000000100011111110100000000001111111100010000111100000100110011
1111110010000000111110001000011111111001001000000111111000000000000000000000000001110000111111111111
0111111111111100011101000010001000011000000010011111111100001000001000111100000000101100000000111110
0111011100010000101100010010000101001000000000011100111000000000000000000000000000111111111111111111
0001111001011001111101000000000000001000001000011111110000000000001000000000001000101100001000110011
1111101001000000111100001000000001000000000000011111101100000001001000000000000001111111111110011110
0001110011111111110010000000000101000000001000011100111000000000101100000000001000000000000000100111
0011110010000000011100001011000000001100010000100111111001000000000001010100000000111111111111111001
0000011111110011110100000000011010000000000100001100110000010000100000101000001000010100000001001111
0011111001001000011100000011000010000010000010000111111000000000000000100000000000100111111001111101
0001111111111001101100000011100000000000010010001100000001000001000000000110000000010100010000111110
0110100000000000111100000011000010000000000001000000001010000000000000000001001000011111111111110011
0001110011111110110000000011000000000001000000000000000000000000000000000000100010000000000000011001
1111100000000000000010001000000100000000000000001001001000100000000110001000111000001111111111100011
0001010111110111111011100110000111110011010000100001000000000000100001000011000010010000001000010001
1111011000000100000000101001000000100001001000000000000000000111111111111100111100101111000011111111
0111110010111111110111001111111010011111001101001001001001100000000000010000000000000000110011011000
1101111111001010011000000000000100000000000110010111001001011110011111000111111111110011111010011111
0111111000111111111001111111100010011101011111111111010010111001100000000100000000001100001110011100
1000111110011110001000000000110011001110110101110011111111100111111111010111111111100111111001000011